0 93939393936
1 1
2 0 5
2 1 6
2 2 2022
3 17:23
4 6284.0
-1
1 0
2 0 5
2 1 6
2 2 2022
3 17:23
4 4662.33
-1
-2
0 93
1 2
2 0 1
2 1 5
2 2 2022
3 11:00
4 6666.599999999999
-1
1 1
2 0 23
2 1 5
2 2 2023
3 23:23
4 675.7
-1
-2
0 36363636369
1 2
2 0 3
2 1 6
2 2 2022
3 15:00
4 6666.599999999999
-1
1 1
2 0 2
2 1 6
2 2 2022
3 15:00
4 675.7
-1
-2
0 22339988556
1 2
2 0 4
2 1 6
2 2 2022
3 12:00
4 6666.599999999999
-1
1 0
2 0 4
2 1 6
2 2 2022
3 12:05
4 1013.5500000000001
-1
1 1
2 0 4
2 1 6
2 2 2022
3 12:10
4 675.7
-1
-2
